5min, 30mins, 12hrs, 1day, 2days, 4days, 7days, 15days, 30days



3/26: 8, 9
3/27: 8, 9
3/28: 8, 9


(Planned on 3/29)
3/30: 8, 9, 10 (NEW), 11 (NEW), 12 (NEW)
3/31: 3, 6, 10, 11, 12
4/1: 10, 11, 12
4/2: 7, 8, 9
4/3: 10, 11, 12, 13 (NEW), 14 (NEW)
4/4: 13, 14, 15 (NEW), 16 (NEW), 17 (NEW)
4/5: 1, 2, 4, 5, 13, 14, 15, 16, 17
4/6: 10, 11, 12, 15, 16, 17. 18 (NEW)
4/7: 13, 14, 18, 19 (NEW), 20 (NEW), 21 (NEW)
4/8: 3, 15, 16, 17, 18, 19, 20, 21, 22 (NEW), 23 (NEW), 24 (NEW)
4/9: 19, 20, 21, 22, 23, 24, 25 (NEW), 26 (NEW)
4/10: 8, 9, 13, 14, 18, 22, 23, 24, 25, 26, 27 (NEW), 28 (NEW)
4/11: 15, 16, 17, 19, 20, 21, 25, 26, 27, 28, 29 (NEW)
4/12: 22, 23, 24, 27, 28, 29
4/13: 18, 25, 26, 29, 30 (NEW), 31 (NEW)
4/14: 10, 11, 12, 19, 20, 21, 27, 28, 30, 31, 32 (NEW), 33 (NEW), 34 (NEW), 35 (NEW)
4/15: 22, 23, 24, 29, 30, 31, 32, 33, 34, 35
4/16: 25, 26, 32, 33, 34, 35 (+ 22, 23, 24)
4/17: 27, 28, 30, 31, 36 (NEW), 37 (NEW), 38 (NEW)
4/18: 13, 14, 29, 32, 33, 34, 35, 36, 37, 38
4/19: 15, 16, 17, 36, 37, 38
4/20: 30, 31
4/21: 18, 32, 33, 34, 35, 36, 37, 38
4/22: 19, 20, 21
4/23: 3, 22, 23, 24
4/24: 25, 26, 36, 37, 38
4/25: 8, 9, 27, 28
4/26: 29
4/28: 30, 31
4/29: 10. 11, 12, 32, 33, 34, 35
5/2: 36, 37, 38
5/3: 13, 14
5/4: 15, 16, 17
5/6: 18
5/7: 19, 20, 21
5/8: 22, 23, 24
5/9: 25, 26
5/10: 27, 28
5/11: 29
5/13: 30, 31
5/14: 32, 33, 34, 35
5/17: 36, 37, 38